raw_cols <-
  c("#666666", "#A6761D", "#E6AB02", "#66A61E", "#E7298A", "#7570B3",
    "#D95F02", "#1B9E77", "#A6CEE3", "#B2DF8A", "#33A02C", "#898989",
    "#FB9A99", "#E31A1C", "#FDBF6F", "#FF7F00", "#CAB2D6", "#6A3D9A",
    "#FFFF99", "#B15928", "#B3B3B3", "#E5C494", "#FFD92F", "#A6D854",
    "#E78AC3", "#8DA0CB", "#FC8D62", "#66C2A5", "#CD7EAA", "#D5683A",
    "#2A78B5", "#F1E54E", "#2AA179", "#62B6E6", "#E7A337", "#292929",
    "#FFE119", "#4363D8", "#F58231", "#FABEBE", "#E6BEFF", "#800000",
    "#000075", "#FCFCFC", "#666666", "#A6761D", "#E6AB02", "#66A61E",
    "#E7298A", "#7570B3", "#D95F02", "#1B9E77", "#A6CEE3", "#B2DF8A",
    "#33A02C", "#898989", "#FB9A99", "#E31A1C", "#FDBF6F", "#FF7F00",
    "#CAB2D6", "#6A3D9A", "#FFFF99", "#B15928", "#B3B3B3")
